1
3 983 671 985 -33
3 924 0.999985 925 598
2 923 108 984 107
3 925 598 907 625
3 907 625 874 645
3 874 645 839 654
3 839 654 790 653
0 790 653 750 654
3 750 654 678 630
3 663 606 675 569
3 675 569 714 570
3 714 570 739 600
3 739 600 792 599
3 792 599 837 600
3 837 600 889 561
3 889 561 889 350
3 889 350 889 308
3 889 308 875 287
3 208 726 154 711
3 154 711 117 668
3 904 729 208 726
3 875 287 858 277
3 858 277 831 267
3 831 267 831 230
3 831 230 893 176
0 893 176 894 156
3 894 156 894 141
3 894 142 875 127
3 875 127 845 128
3 845 128 784 180
3 784 180 654 175
3 635 159 637 115
3 637 115 702 92
3 702 92 703 -45
0 635 159 635 159
3 635 159 654 175
3 663 606 678 630
3 184 286 184 156
3 184 156 232 128
3 232 128 384 129
3 117 73 364 1.99997
0 117 668 116 -24
3 983 671 964 708
3 964 708 904 729